input - (36 elements) - 1, 2, 3, 4, 5, 6, 7, 8, 9, 10, 11, 12, 13, 14, 15, 16, 17, 18, 19, 20, 21, 22, 23, 24, 25, 26, 27, 28, 29, 30, 31, 32, 33, 34, 35, 36
hidden_1 - (63 elements) - 710, 711, 3004, 3008, 3009, 712, 713, 2986, 714, 3000, 10782, 715, 721, 2984, 716, 2983, 717, 2991, 2995, 718, 719, 2989, 720, 722, 2993, 723, 724, 725, 3005, 726, 2988, 3006, 727, 2985, 728, 729, 730, 731, 736, 732, 2987, 733, 2996, 734, 2992, 3003, 735, 2990, 3001, 737, 2994, 738, 739, 3002, 740, 2997, 2999, 741, 742, 2998, 743, 744, 3007
hidden_2 - (52 elements) - 353, 354, 368, 643, 363, 355, 356, 623, 357, 641, 359, 358, 364, 621, 620, 360, 639, 361, 362, 626, 365, 366, 367, 369, 625, 374, 370, 622, 371, 372, 373, 379, 375, 624, 376, 644, 377, 640, 378, 627, 384, 380, 642, 381, 382, 383, 645, 647, 385, 646, 386, 387
hidden_3 - (62 elements) - 3713, 3714, 3759, 3728, 3760, 3723, 3715, 3770, 3716, 3764, 3767, 3751, 3717, 3757, 3758, 3719, 3725, 3718, 3771, 3724, 3749, 3748, 3720, 13810, 3756, 3721, 3722, 3769, 3754, 3765, 3726, 3727, 3729, 3753, 3734, 3730, 3750, 3731, 3732, 3733, 3739, 3735, 3752, 3736, 3766, 3761, 13811, 3737, 3738, 3755, 3740, 3744, 3741, 3742, 3743, 3768, 3762, 3745, 3763, 3746, 3772, 3747
hidden_4 - (53 elements) - 522, 523, 3141, 537, 3142, 532, 524, 3137, 525, 3146, 3130, 3133, 526, 3139, 3140, 528, 534, 527, 533, 3131, 529, 4180, 3138, 530, 531, 3136, 555, 535, 536, 538, 3135, 543, 539, 3132, 540, 541, 542, 548, 544, 3134, 545, 3143, 546, 547, 549, 553, 550, 551, 552, 3144, 554, 3145, 556
hidden_5 - (44 elements) - 73, 74, 77, 220, 88, 167, 83, 75, 170, 76, 99, 163, 166, 102, 79, 85, 78, 84, 164, 80, 100, 81, 82, 169, 106, 86, 87, 89, 168, 94, 90, 165, 91, 92, 93, 95, 96, 103, 97, 98, 104, 101, 105, 107
hidden_6 - (44 elements) - 222, 414, 223, 226, 409, 237, 410, 232, 239, 224, 413, 225, 248, 406, 251, 228, 234, 227, 233, 407, 229, 249, 230, 231, 253, 412, 255, 235, 236, 238, 411, 243, 256, 408, 240, 241, 242, 244, 245, 252, 246, 247, 250, 254
hidden_7 - (46 elements) - 415, 3098, 416, 419, 439, 447, 3093, 430, 3094, 425, 432, 417, 421, 3097, 418, 441, 3090, 438, 444, 427, 420, 3092, 426, 3091, 422, 431, 435, 3100, 442, 423, 424, 429, 446, 3096, 448, 428, 3095, 436, 449, 433, 434, 3099, 437, 445, 440, 443
hidden_8 - (36 elements) - 38, 39, 42, 62, 70, 63, 53, 46, 48, 55, 40, 44, 72, 41, 64, 61, 67, 50, 43, 54, 49, 52, 45, 58, 65, 47, 69, 71, 51, 56, 59, 57, 3589, 60, 68, 66
hidden_9 - (48 elements) - 473, 482, 474, 477, 514, 486, 497, 492, 505, 498, 508, 516, 488, 519, 481, 509, 483, 510, 517, 490, 475, 479, 507, 476, 499, 496, 502, 512, 485, 513, 478, 489, 515, 484, 487, 480, 2804, 493, 518, 500, 504, 506, 511, 491, 494, 495, 503, 501
hidden_10 - (35 elements) - 127, 136, 128, 131, 152, 140, 151, 146, 159, 155, 142, 135, 158, 137, 130, 150, 144, 129, 133, 161, 153, 156, 132, 139, 143, 138, 141, 134, 147, 154, 160, 145, 148, 149, 157
output - (1 elements) - 37
dangling - (0 elements) - 
     
-----------------------
warstwa 1 '0.00000000' = LINEAR 
-----------------------
warstwa 2 '0.06250000' = UNSIGNED_STEP 
-----------------------
warstwa 3 '0.12500000' = RELU 
-----------------------
warstwa 4 '0.15625000' = SIGNED_STEP 
-----------------------
warstwa 5 '0.18750000' = UNSIGNED_STEP 
warstwa 5 '0.18750000' = TANH 
-----------------------
warstwa 6 '0.25000000' = SIGNED_SIGMOID 
warstwa 6 '0.25000000' = UNSIGNED_STEP 
-----------------------
warstwa 7 '0.37500000' = RELU 
warstwa 7 '0.37500000' = SIGNED_STEP 
warstwa 7 '0.37500000' = UNSIGNED_STEP 
-----------------------
warstwa 8 '0.43750000' = SIGNED_STEP 
warstwa 8 '0.43750000' = TANH 
-----------------------
warstwa 9 '0.50000000' = UNSIGNED_SIGMOID 
warstwa 9 '0.50000000' = SIGNED_SIGMOID 
warstwa 9 '0.50000000' = UNSIGNED_STEP 
warstwa 9 '0.50000000' = RELU 
-----------------------
warstwa 10 '0.62500000' = RELU 
-----------------------
warstwa 11 '0.75000000' = RELU 
-----------------------
warstwa 12 '1.00000000' = UNSIGNED_SIGMOID 
