input - (12 elements) - 1, 2, 3, 4, 5, 6, 7, 8, 9, 10, 11, 12
hidden_1 - (42 elements) - 246, 359, 360, 364, 368, 369, 247, 251, 248, 263, 357, 500, 249, 372, 375, 376, 250, 356, 367, 257, 377, 252, 363, 253, 260, 362, 366, 373, 374, 254, 258, 259, 261, 255, 361, 365, 371, 256, 262, 355, 358, 370
hidden_2 - (54 elements) - 1400, 1764, 1740, 1412, 1741, 1745, 1762, 1749, 1750, 1401, 1765, 1405, 1402, 1763, 1771, 1417, 1738, 1760, 1759, 1403, 1753, 1756, 1757, 1404, 1737, 1748, 1766, 1411, 1758, 1769, 1406, 1744, 1407, 1414, 1761, 1743, 1747, 1754, 1755, 1768, 1408, 1767, 1413, 1415, 1409, 1742, 1746, 1770, 1752, 1410, 1416, 1736, 1739, 1751
hidden_3 - (54 elements) - 2019, 2046, 2065, 2034, 2041, 2031, 2042, 2063, 2050, 2051, 2020, 2066, 2024, 2021, 2061, 2064, 2072, 2036, 2039, 2056, 2060, 2022, 2054, 2057, 2058, 2023, 2038, 2049, 2067, 2030, 2059, 2070, 2025, 2045, 2026, 2033, 2055, 2062, 2044, 2048, 2069, 2027, 2068, 2032, 2028, 2043, 2047, 2071, 2053, 2029, 2035, 2037, 2040, 2052
hidden_4 - (42 elements) - 710, 762, 768, 725, 757, 722, 758, 766, 767, 711, 715, 712, 756, 727, 755, 772, 776, 713, 770, 773, 774, 714, 754, 765, 764, 721, 775, 716, 761, 717, 724, 771, 760, 718, 723, 719, 759, 763, 769, 720, 726, 753
hidden_5 - (30 elements) - 76, 103, 79, 91, 98, 88, 99, 157, 80, 77, 81, 78, 97, 93, 96, 94, 95, 87, 82, 102, 83, 90, 89, 101, 84, 85, 100, 104, 86, 92
hidden_6 - (38 elements) - 575, 587, 2366, 602, 578, 599, 2365, 590, 597, 2364, 598, 604, 579, 2369, 576, 580, 577, 596, 592, 595, 593, 594, 586, 2370, 581, 600, 2363, 601, 582, 589, 588, 583, 584, 603, 585, 2367, 2368, 591
hidden_7 - (540 elements) - 815, 816, 817, 818, 819, 820, 821, 822, 823, 824, 825, 826, 827, 828, 829, 830, 831, 832, 833, 834, 835, 836, 837, 838, 839, 840, 841, 842, 843, 844, 1670, 2457, 2458, 2459, 2460, 2461, 2462, 2463, 2464, 2465, 2466, 2467, 2468, 2469, 2470, 2471, 2472, 2473, 2474, 2475, 2476, 2477, 2478, 2479, 2480, 2481, 2482, 2483, 2484, 2485, 2486, 2487, 2488, 2489, 2490, 2491, 2492, 2493, 2494, 2495, 2496, 2497, 2498, 2499, 2500, 2501, 2502, 2503, 2504, 2505, 2506, 2507, 2508, 2509, 2510, 2511, 2512, 2513, 2514, 2515, 2516, 2517, 2518, 2519, 2520, 2521, 2522, 2523, 2524, 2525, 2526, 2527, 2528, 2529, 2530, 2531, 2532, 2533, 2534, 2535, 2536, 2537, 2538, 2539, 2540, 2541, 2542, 2543, 2544, 2545, 2546, 2547, 2548, 2549, 2550, 2551, 2552, 2553, 2554, 2555, 2556, 2557, 2558, 2559, 2560, 2561, 2562, 2563, 2564, 2565, 2566, 2567, 2568, 2569, 2570, 2571, 2572, 2573, 2574, 2575, 2576, 2577, 2578, 2579, 2580, 2581, 2582, 2583, 2584, 2585, 2586, 2587, 2588, 2589, 2590, 2591, 2592, 2593, 2594, 2595, 2596, 2597, 2598, 2599, 2600, 2601, 2602, 2603, 2604, 2605, 2606, 2607, 2608, 2609, 2610, 2611, 2612, 2613, 2614, 2615, 2616, 2617, 2618, 2619, 2620, 2621, 2622, 2623, 2624, 2625, 2626, 2627, 2628, 2629, 2630, 2631, 2632, 2633, 2634, 2635, 2636, 2637, 2638, 2639, 2640, 2641, 2642, 2643, 2644, 2645, 2646, 2647, 2648, 2649, 2650, 2651, 2652, 2653, 2654, 2655, 2656, 2657, 2658, 2659, 2660, 2661, 2662, 2663, 2664, 2665, 2666, 2667, 2668, 2669, 2670, 2671, 2672, 2673, 2674, 2675, 2676, 2677, 2678, 2679, 2680, 2681, 2682, 2683, 2684, 2685, 2686, 2687, 2688, 2689, 2690, 2691, 2692, 2693, 2694, 2695, 2696, 2697, 2698, 2699, 2700, 2701, 2702, 2703, 2704, 2705, 2706, 2707, 2708, 2709, 2710, 2711, 2712, 2713, 2714, 2715, 2716, 2717, 2718, 2719, 2720, 2721, 2722, 2723, 2724, 2725, 2726, 2727, 2728, 2729, 2730, 2731, 2732, 2733, 2734, 2735, 2736, 2737, 2738, 2739, 2740, 2741, 2742, 2743, 2744, 2745, 2746, 2747, 2748, 2749, 2750, 2751, 2752, 2753, 2754, 2755, 2756, 2757, 2758, 2759, 2760, 2761, 2762, 2763, 2764, 2765, 2766, 2767, 2768, 2769, 2770, 2771, 2772, 2773, 2774, 2775, 2776, 2777, 2778, 2779, 2780, 2781, 2782, 2783, 2784, 2785, 2786, 2787, 2788, 2789, 2790, 2791, 2792, 2793, 2794, 2795, 2796, 2797, 2798, 2799, 2800, 2801, 2802, 2803, 2804, 2805, 2806, 2807, 2808, 2809, 2810, 2811, 2812, 2813, 2814, 2815, 2816, 2817, 2818, 2819, 2820, 2821, 2822, 2823, 2824, 2825, 2826, 2827, 2828, 2829, 2830, 2831, 2832, 2833, 2834, 2835, 2836, 2837, 2838, 2839, 2840, 2841, 2842, 2843, 2844, 2845, 2846, 2847, 2848, 2849, 2850, 2851, 2852, 2853, 2854, 2855, 2856, 2857, 2858, 2859, 2860, 2861, 2862, 2863, 2864, 2865, 2866, 2867, 2868, 2869, 2870, 2871, 2872, 2873, 2874, 2875, 2876, 2877, 2878, 2879, 2880, 2881, 2882, 2883, 2884, 2885, 2886, 2887, 2888, 2889, 2890, 2891, 2892, 2893, 2894, 2895, 2896, 2897, 2898, 2899, 2900, 2901, 2902, 2903, 2904, 2905, 2906, 2907, 2908, 2909, 2910, 2911, 2912, 2913, 2914, 2915, 2916, 2917, 2918, 2919, 2920, 2921, 2922, 2923, 2924, 2925, 2926, 2927, 2928, 2929, 2930, 2931, 2932, 2933, 2934, 2935, 2936, 2937, 2938, 2939, 2940, 2941, 2942, 2943, 2944, 2945, 2946, 2947, 2948, 2949, 2950, 2951, 2952, 2953, 2954, 2955, 2956, 2957, 2958, 2959, 2960, 2961, 2962, 2963, 2964, 2965
hidden_8 - (18 elements) - 39, 40, 41, 42, 43, 44, 45, 46, 47, 48, 49, 50, 51, 52, 53, 54, 55, 56
hidden_9 - (26 elements) - 1285, 1299, 3114, 1286, 1284, 1290, 1287, 3109, 1288, 1292, 1289, 3108, 1291, 1297, 1294, 1296, 3113, 3115, 1293, 3111, 1295, 125, 1298, 3110, 3112, 1300
output - (1 elements) - 13
dangling - (0 elements) - 
     
-----------------------
warstwa 1 '0.00000000' = LINEAR 
-----------------------
warstwa 2 '0.06250000' = SIGNED_SIGMOID 
-----------------------
warstwa 3 '0.07812500' = TANH 
-----------------------
warstwa 4 '0.08593750' = SIGNED_SIGMOID 
-----------------------
warstwa 5 '0.09375000' = RELU 
-----------------------
warstwa 6 '0.12500000' = SIGNED_STEP 
warstwa 6 '0.12500000' = UNSIGNED_STEP 
warstwa 6 '0.12500000' = RELU 
-----------------------
warstwa 7 '0.15625000' = UNSIGNED_STEP 
-----------------------
warstwa 8 '0.21875000' = TANH 
warstwa 8 '0.21875000' = RELU 
warstwa 8 '0.21875000' = UNSIGNED_SIGMOID 
-----------------------
warstwa 9 '0.25000000' = SIGNED_SIGMOID 
warstwa 9 '0.25000000' = UNSIGNED_SIGMOID 
-----------------------
warstwa 10 '0.43750000' = SIGNED_SIGMOID 
-----------------------
warstwa 11 '1.00000000' = UNSIGNED_SIGMOID 
